0
0.128228
0.256457
0.384685
0.512913
0.641141
0.76937
0.897598
1.02583
1.15405
1.28228
1.41051
1.53874
1.66697
1.7952
1.92342
2.05165
2.17988
2.30811
2.43634
2.56457
2.69279
2.82102
2.94925
3.07748
3.20571
3.33394
3.46216
3.59039
3.71862
3.84685
3.97508
4.1033
4.23153
4.35976
4.48799
4.61622
4.74445
4.87267
5.0009
5.12913
5.25736
5.38559
5.51382
5.64204
5.77027
5.8985
6.02673
6.15496
6.28319
0
-0.172568
-0.191685
-0.105422
0.0466332
0.232522
0.427099
0.61126
0.771208
0.89775
0.985643
1.03297
1.04058
1.0115
0.950484
0.863508
0.757367
0.639279
0.51654
0.396209
0.284842
0.188255
0.111336
0.0578853
0.0305006
0.0305006
0.0578853
0.111336
0.188255
0.284842
0.396209
0.51654
0.639279
0.757367
0.863508
0.950484
1.0115
1.04058
1.03297
0.985643
0.89775
0.771208
0.61126
0.427099
0.232522
0.0466332
-0.105422
-0.191685
-0.172568
1.75447e-015
0
-0.172568
-0.191685
-0.105422
0.0466332
0.232522
0.427099
0.61126
0.771208
0.89775
0.985643
1.03297
1.04058
1.0115
0.950484
0.863508
0.757367
0.639279
0.51654
0.396209
0.284842
0.188255
0.111336
0.0578853
0.0305006
0.0305006
0.0578853
0.111336
0.188255
0.284842
0.396209
0.51654
0.639279
0.757367
0.863508
0.950484
1.0115
1.04058
1.03297
0.985643
0.89775
0.771208
0.61126
0.427099
0.232522
0.0466332
-0.105422
-0.191685
-0.172568
1.51306e-012
