1.000000 0.500000 0.333333 0.250000 1.000000 
0.000000 0.083333 0.083333 0.075000 0.500000 
0.000000 0.083333 0.088889 0.083333 0.666667 
0.000000 0.075000 0.083333 0.080357 0.750000 
1.000000 0.500000 0.333333 0.250000 1.000000 
0.000000 0.083333 0.088889 0.083333 0.666667 
0.000000 -0.000000 -0.005556 -0.008333 -0.166667 
0.000000 -0.000000 0.003333 0.005357 0.150000 
1.000000 0.500000 0.333333 0.250000 1.000000 
0.000000 0.083333 0.088889 0.083333 0.666667 
0.000000 -0.000000 -0.005556 -0.008333 -0.166667 
0.000000 -0.000000 0.000000 0.000357 0.050000 
Solution of equations: 
-3.999642
59.995779
-179.989599
139.993140
The result verification for AX: 
1.000000
1.000000
1.000000
1.000000
It is exactly same as forcing vector B.
Hence Verified!