0.924041
0.0231829
0.475812
1.89782
2.3482
13.03
10.0618
7.63448
6.34955
5.1369
6.2956
5.40934
4.13533
2.00924
5.14226
6.63146
0.775181
5.82931
1.91678
1.21499
0.141264
3.87541
0.291667
3.13219
1.75902
2.48823
11.8433
9.12006
4.34429
4.82098
5.20985
3.82652
1.14731
3.36748
2.32414
9.51189
6.51899
1.77732
2.15037
3.6096
0.201
13.6371
4.97043
0.45821
10.2552
4.35667
0.0237394
0.935794
2.18874
3.02576
19.0411
21.7399
24.0797
26.0015
26.5751
4.32463
7.31708
4.66726
3.04916
1.68671
12.5071
14.0992
15.7747
17.212
19.4912
1.2935
2.2936
1.89326
1.79944
2.12662
20.5424
25.0002
27.3853
28.105
28.14
11.3733
10.9403
10.4119
8.99493
7.25743
5.05338
9.01179
9.77191
8.42569
7.14039
6.72302
2.92843
16.6897
21.2738
17.5967
17.2296
8.76043
2.03944
12.6593
18.425
15.6397
15.5951
16.0753
0.438808
23.601
17.3739
