1.0041
1.00408
1.00405
1.00401
1.00399
1.00403
1.00403
1.00402
1.00401
1.00399
1.00398
1.00395
1.04062
1.0406
1.04063
1.0407
1.0407
1.04062
1.04067
1.04066
1.0418
1.04163
1.04109
1.04085
1.04068
1.04041
1.04088
1.04091
1.04061
1.04034
1.03998
1.25457
1.26747
1.26409
1.25986
1.26746
1.26408
1.25919
1.25918
1.25367
1.24182
1.25463
1.25352
1.24822
1.2546
1.25368
1.251
1.251
1.2476
1.23981
1.78934
1.7877
1.785
1.78107
1.77678
1.77383
1.76546
1.75462
1.74172
1.72829
1.74992
1.74839
1.74559
1.74215
1.73405
1.73774
1.72857
1.71664
1.70344
1.68929
2.45809
2.45053
2.44218
2.43713
2.43029
2.34871
2.42635
2.40446
2.37737
2.34912
2.31911
2.24352
2.36145
2.32756
2.28603
2.24462
2.19765
2.82638
2.96166
2.90192
2.82613
2.74547
2.58168
2.64721
2.89072
2.77596
2.64708
2.51693
2.26608
3.36285
3.07821
