3513
3597.78
3750.49
3904.3
4002.05
4224.46
4433.09
4535.54
4719.76
4827.92
4904.91
5136.55
4493.8
4521.28
4234.14
4327.12
4329.6
4233.85
4432.69
4441.7
3340.66
3513
3750.49
3840.3
3904.3
4002.05
4224.46
4433.09
4719.76
4904.91
5136.55
5000.26
2855.31
3034.02
3199.87
2904.37
3088.22
3279.68
3282.33
3487.2
3931.4
4980.99
5285.19
5818.28
5013.06
5299.45
5599.63
5597.86
5914.19
6588.87
2398
2437.73
2476.26
2521.06
2564.13
2928.51
3038.09
3153.29
3280.48
3409.89
4220.3
4275.97
4337.75
4398.29
4519.71
5053.07
5227.16
5408.17
5593.01
5785.61
2406.86
2467.22
2511.37
2535.12
2565.37
3279.68
2936.26
3046.4
3162.69
3278.05
3399.31
5597.86
5071.46
5234.53
5416.29
5593.19
5795.03
3279.68
2904.37
3088.22
3282.33
3487.2
3931.4
5597.86
5013.06
5299.45
5599.63
5914.19
6588.87
3279.68
5597.86
