59.8171
54.03
49.118
46.5407
45.3389
118.137
70.3843
62.0355
54.0055
51.27
49.7758
46.5235
67.2992
65.598
121.92
90.9679
90.4197
124.244
74.59
74.6304
99.9113
62.0529
50.9299
49.2194
48.2405
46.9839
122.473
72.9697
55.9742
51.5784
48.193
148.462
90.6328
62.972
57.7405
92.0247
63.0882
57.2574
57.2726
54.0097
49.4651
141.963
84.3603
61.5738
143.643
86.4957
68.7961
68.7894
60.4653
51.8601
134.787
109.68
96.0589
86.9505
82.5466
117.209
92.5984
83.8435
79.1784
75.7602
206.505
169.686
144.544
128.309
108.47
178.109
129.724
106.824
93.9089
85.4733
179.063
136.93
122.157
117.189
113.176
106.799
156.563
124.806
113.081
106.874
101.93
123.366
231.857
173.002
141.336
123.731
110.807
128.52
215.033
144.83
128.544
118.279
102.835
145.564
330.966
191.523
145.571
121.984
94.7882
152.914
169.263
