0.0119972
0.0096677
0.00721618
0.00579043
0.00516094
0.0240943
0.0118977
0.00958613
0.00715351
0.00624751
0.00573875
0.00463381
0.0104049
0.00993295
0.0239165
0.0164049
0.0162697
0.0244481
0.0122805
0.0122638
0.0242887
0.0119972
0.00721618
0.00630314
0.00579043
0.00516094
0.0240943
0.0118977
0.00715351
0.00573875
0.00463381
0.0202905
0.0195546
0.00994437
0.0069378
0.0199443
0.00997335
0.00665068
0.00665065
0.00499
0.0033307
0.019225
0.00936465
0.00508347
0.0194774
0.00973111
0.00648325
0.00648352
0.00485999
0.00323801
0.025945
0.0194154
0.0156508
0.0128065
0.0109276
0.0173763
0.0114238
0.00847207
0.00664184
0.00547936
0.0242017
0.0189199
0.0152658
0.0128611
0.00981447
0.0169591
0.0110743
0.00819839
0.00651791
0.00539731
0.0247661
0.0166846
0.0135196
0.0122817
0.0110095
0.00665068
0.0167489
0.0111393
0.00830015
0.00666889
0.00555767
0.00648352
0.0160471
0.0109164
0.00810535
0.0065166
0.00535296
0.00665068
0.0199443
0.00997335
0.00665065
0.00499
0.0033307
0.00648352
0.0194774
0.00973111
0.00648325
0.00485999
0.00323801
0.00665068
0.00648352
