0.71048
0.649132
0.555551
0.489688
0.459179
0.875684
0.761903
0.712681
0.635827
0.598371
0.575188
0.520393
0.732203
0.721553
0.875058
0.822315
0.820957
0.877753
0.769207
0.769391
0.849605
0.71048
0.555551
0.513998
0.489688
0.459179
0.875684
0.761903
0.635827
0.575188
0.520393
0.8803
0.794037
0.612775
0.488364
0.800041
0.618779
0.48084
0.481094
0.404721
0.328992
0.872791
0.757792
0.616792
0.875701
0.768109
0.67883
0.678682
0.610148
0.525062
0.828152
0.773469
0.722025
0.662995
0.604577
0.77226
0.6635
0.560518
0.48044
0.427152
0.876107
0.843866
0.809657
0.777692
0.718163
0.858599
0.792489
0.732352
0.679936
0.634799
0.820464
0.738605
0.680505
0.649124
0.607967
0.48084
0.764279
0.655544
0.55331
0.481665
0.430772
0.678682
0.851227
0.789872
0.729859
0.679888
0.632827
0.48084
0.800041
0.618779
0.481094
0.404721
0.328992
0.678682
0.875701
0.768109
0.67883
0.610148
0.525062
0.48084
0.678682
