1.65227
1.83343
2.02162
2.13655
2.19453
0.826722
1.4043
1.59692
1.83875
1.93858
1.99777
2.13975
1.47082
1.50967
0.8012
1.08173
1.08844
0.785807
1.32461
1.32391
0.977381
1.59272
1.94969
2.01925
2.06126
2.11769
0.797444
1.35453
1.77407
1.92795
2.06562
0.660265
1.09741
1.58657
1.7298
1.06564
1.56967
1.73516
1.7347
1.84249
2.01505
0.694743
1.17858
1.61741
0.682961
1.14511
1.44434
1.44448
1.64597
1.92216
0.723279
0.89453
1.02515
1.1357
1.1985
0.838728
1.06786
1.1828
1.25474
1.31286
0.472859
0.578444
0.681496
0.769546
0.913038
0.552142
0.762488
0.92858
1.05804
1.16375
0.545037
0.718399
0.807786
0.843058
0.874044
0.930205
0.628266
0.792487
0.877105
0.929539
0.975694
0.805418
0.424517
0.57182
0.701883
0.803013
0.897711
0.77299
0.455993
0.683693
0.772842
0.841299
0.969233
0.682589
0.29639
0.517124
0.682555
0.81585
1.05161
0.649671
0.587013
