0.988339
0.990599
0.992979
0.994365
0.994978
0.976662
0.988405
0.990655
0.993027
0.993911
0.994407
0.995486
0.989852
0.990312
0.976825
0.984032
0.984162
0.976318
0.988027
0.988043
0.976513
0.988332
0.992974
0.993862
0.994361
0.994974
0.976656
0.9884
0.993022
0.994403
0.995482
0.980242
0.981025
0.990308
0.993228
0.98065
0.990279
0.993507
0.993507
0.995126
0.996747
0.98128
0.990838
0.995028
0.981023
0.990472
0.993651
0.993651
0.995243
0.996834
0.974889
0.981121
0.984746
0.987497
0.989319
0.983061
0.988825
0.991698
0.993484
0.994622
0.976479
0.981537
0.985065
0.987399
0.990369
0.983414
0.98913
0.991943
0.993592
0.994694
0.975961
0.983705
0.986767
0.987968
0.989205
0.993454
0.983629
0.98907
0.99184
0.993436
0.994527
0.99361
0.984272
0.989263
0.992016
0.993577
0.994723
0.993444
0.980533
0.990192
0.993444
0.995076
0.996712
0.993602
0.98095
0.990412
0.993602
0.995203
0.996806
0.993436
0.993596
