0.011799
0.00949046
0.0070703
0.00566672
0.00504768
0.0238953
0.0117306
0.00943306
0.00702198
0.0061264
0.00562411
0.00453467
0.0102519
0.00978301
0.023725
0.0162275
0.0160927
0.0242561
0.0121178
0.0121014
0.0240514
0.0118062
0.00707549
0.00617587
0.00567108
0.00505165
0.0239023
0.0117366
0.00702661
0.00562811
0.0045381
0.0201566
0.0193401
0.00978661
0.0068178
0.0197319
0.00981682
0.00653529
0.00653529
0.00489806
0.00326359
0.0190914
0.00925429
0.00500125
0.0193445
0.00961969
0.00638962
0.00638987
0.00478
0.00317577
0.0257574
0.0192418
0.0154904
0.0126611
0.0107966
0.0172306
0.0113018
0.00837187
0.0065585
0.00540742
0.0240874
0.0188105
0.0151618
0.0127621
0.00972487
0.0168654
0.0109899
0.00812226
0.00644895
0.0053345
0.0246312
0.0165648
0.0134104
0.0121781
0.0109133
0.00658882
0.0166437
0.011051
0.00822735
0.00660691
0.00550345
0.00643131
0.015979
0.010854
0.00804846
0.00646427
0.0053049
0.00659928
0.0198534
0.00990517
0.00659926
0.00494802
0.00329842
0.00643927
0.0194197
0.0096808
0.006439
0.00482034
0.00320396
0.00660748
0.00644547
