0.63188
0.528525
0.428578
0.433461
0.450912
0.865583
0.722769
0.656926
0.566166
0.539261
0.531068
0.538547
0.683017
0.668849
0.864868
0.801006
0.799305
0.868024
0.732614
0.732959
0.831997
0.63188
0.428578
0.426108
0.433461
0.450912
0.865583
0.722769
0.566166
0.531068
0.538547
0.87269
0.758626
0.434023
0.369471
0.764302
0.437345
0.374396
0.374609
0.429432
0.558351
0.865527
0.733124
0.617804
0.867505
0.742514
0.65015
0.649933
0.616407
0.660249
0.80146
0.721908
0.633964
0.503615
0.332934
0.723593
0.530011
0.370517
0.374562
0.407715
0.866071
0.827576
0.784969
0.743613
0.664138
0.848032
0.770969
0.702074
0.650958
0.622664
0.790942
0.66416
0.547421
0.464722
0.340172
0.374396
0.711374
0.513295
0.367759
0.374058
0.404726
0.649933
0.839561
0.767897
0.699367
0.650919
0.62189
0.374396
0.764302
0.437345
0.374609
0.429432
0.558351
0.649933
0.867505
0.742514
0.65015
0.616407
0.660249
0.374396
0.649933
